1 2 2100 r 200 2000
2 3 700 r 200 2000
2 3 700 r 200 2000
2 4 1200 f 500 3000
4 3 500 f 500 3000
4 3 500 f 500 3000
4 5 1500 f 500 3000
4 3 500 f 500 3000
4 5 1500 f 500 3000
4 6 1000 f 500 3000
3 5 1700 f 500 3000
5 10 1300 f 500 3000
6 7 1700 r 200 2000
6 7 1700 r 200 2000
6 8 1200 c 750 10000
6 7 1700 r 200 2000
6 8 1200 c 750 10000
6 15 900 f 500 3000
15 8 300 f 500 3000
7 8 500 r 200 2000
7 8 500 r 200 2000
7 13 2300 r 200 2000
9 8 300 c 750 10000
9 8 300 c 750 10000
9 10 800 f 500 3000
9 8 300 c 750 10000
9 10 800 f 500 3000
9 11 3000 c 750 10000
10 14 300 f 500 3000
14 13 200 f 500 3000
13 12 300 r 200 2000
12 11 1000 f 500 3000
